0 0.225 0.26953125 0.45 0.5390625
0 0.7234375 0.48984375 0.171875 0.0984375
0 0.7123793636758137 0.384091940847931 0.07709883118569749 0.10294765765690173
0 0.7280583849494443 0.2567861927785949 0.08023292154477701 0.10494934776534678
0 0.8730618127407371 0.18323885273590362 0.05830337939029935 0.09250001700623205
0 0.86171875 0.53046875 0.0546875 0.0171875
0 0.8763287550681655 0.47598800768168115 0.05505111436318479 0.07018582689778707
0 0.8750611708574059 0.3925040552087924 0.0519170240041051 0.0681841367893421
0 0.8832094932625048 0.3147337824105687 0.07246587334017515 0.11166387249423444
0 0.9530902012062228 0.2306332549705568 0.0519170240041051 0.06818413678934201
0 0.24921875 0.76953125 0.4015625 0.4609375
0 0.7046875 0.76953125 0.509375 0.4609375