0 0.05703125 0.60234375 0.0609375 0.1578125
0 0.14296875 0.621875 0.0578125 0.14921875
0 0.2171875 0.621875 0.05546875 0.14921875
0 0.28125 0.6375 0.0375 0.14921875
0 0.35078125 0.61796875 0.06328125 0.10234375
0 0.4140625 0.60625 0.0453125 0.14140625
0 0.471875 0.5828125 0.040625 0.1578125
0 0.540625 0.60625 0.04296875 0.12578125
0 0.596875 0.6140625 0.03515625 0.14921875
0 0.65546875 0.62578125 0.04765625 0.13359375
0 0.73984375 0.61015625 0.05078125 0.11015625
0 0.80703125 0.621875 0.0609375 0.165625
0 0.87109375 0.6140625 0.0453125 0.14140625