0 0.14069107253928817 0.22622061017076503 0.11687476101575171 0.1928632032533491
0 0.1158661406222766 0.06683715112542413 0.06338032879829 0.08715373184356459
0 0.03469126372668678 0.3576732871343058 0.05310863123033309 0.055025351626674636
0 0.01875 0.2953125 0.0375 0.05625
0 0.9375415193847878 0.34624171952009525 0.08103254635193533 0.05741556260267942
0 0.8791280945707918 0.0461276712125235 0.04252712195994608 0.044332781301339705
0 0.8707287087052652 0.09903307615830101 0.038999952203150376 0.040768591192894735
0 0.5482653591988296 0.02746625735291257 0.040361367324752505 0.03942568624711722
0 0.5672901035407285 0.2504603589795872 0.037839621959946036 0.04367399613867207
0 0.41015625 0.96484375 0.1328125 0.0703125
0 0.29965718203856806 0.8438473427947901 0.10061669612304236 0.126140227982237
0 0.18752661425602996 0.7262797384569911 0.08762216831188123 0.0966976576569019
0 0.62421875 0.696875 0.2484375 0.534375