0 0.471875 0.6546875 0.05703125 0.07109375
0 0.48359375 0.73203125 0.06015625 0.0359375
0 0.63203125 0.6515625 0.08359375 0.01796875
0 0.51171875 0.82109375 0.06015625 0.05390625
0 0.28203125 0.88359375 0.0734375 0.07109375
0 0.68984375 0.7140625 0.04296875 0.04140625
0 0.63984375 0.95546875 0.06640625 0.04765625
0 0.6453125 0.89609375 0.03984375 0.04765625
0 0.671875 0.83046875 0.06015625 0.04765625
0 0.75859375 0.73203125 0.046875 0.04765625
0 0.73515625 0.9375 0.05703125 0.04765625
0 0.7453125 0.878125 0.053125 0.0359375
0 0.7484375 0.83046875 0.05 0.04140625
0 0.8203125 0.75859375 0.046875 0.05390625
0 0.81484375 0.8359375 0.053125 0.05390625
0 0.8203125 0.9109375 0.046875 0.04765625
0 0.81328125 0.9765625 0.04296875 0.0296875
0 0.88359375 0.76484375 0.04296875 0.0296875
0 0.896875 0.86640625 0.046875 0.059375
0 0.9046875 0.95546875 0.053125 0.07109375