0 0.1640625 0.23671875 0.25 0.4734375
0 0.64453125 0.28984375 0.7109375 0.5796875
0 0.14453125 0.78984375 0.2890625 0.4203125
0 0.6309525736455571 0.7454184256611307 0.04657568628080107 0.045613122786680546
0 0.6368152697169714 0.6985711186498443 0.04322181373153953 0.04366692103385894
0 0.34877392166892385 0.6758811755273755 0.04455544118227781 0.042296271910269745
0 0.9591171814903883 0.716259092491276 0.03426495098523148 0.0348951666518051
0 0.90078125 0.59921875 0.0484375 0.0390625
0 0.98671875 0.86015625 0.0265625 0.0390625
0 0.9859375 0.8125 0.028125 0.03125
0 0.9490818874017775 0.9083635135251349 0.042535196083754556 0.038979421033858944
0 0.8931553923032542 0.9120492196377178 0.04276406863301645 0.04054192103385894
0 0.7806708089658075 0.8988203555482677 0.03491196078818533 0.02883701752821608
0 0.5669428432699751 0.8622340703580809 0.055721813731539525 0.04520172804514537