0 0.17734375 0.54609375 0.1359375 0.1078125
0 0.18418645000784925 0.4429868637015989 0.07018850362819702 0.09102866431700996
0 0.21168894583149797 0.32835660125404426 0.07331350362819711 0.09126546265733611
0 0.3521428202409348 0.2990503773985534 0.05278274881887359 0.0834762734452168
0 0.32421875 0.5703125 0.0515625 0.059375
0 0.33357632559841244 0.4942561336223307 0.0488938569862416 0.061364475104890556
0 0.3485589740544663 0.4241095769836349 0.08247024881887377 0.0857258576783142
0 0.4226983677011969 0.36471218881113393 0.0488938569862416 0.06136447510489074
0 0.76484375 0.3 0.4703125 0.6
0 0.26484375 0.8 0.5296875 0.4
0 0.76484375 0.8 0.4703125 0.4