0 0.03203125 0.3984375 0.0640625 0.075
0 0.11141143469274892 0.4134270558937295 0.08774523680925314 0.07400049374773374
0 0.19083885136684647 0.4197310867783933 0.06474682453950216 0.04999056396889969
0 0.27336357505223025 0.4133708922954543 0.07979627191026975 0.04694531764492567
0 0.02421875 0.17265625 0.0484375 0.1171875
0 0.07134314071616181 0.18705922206824468 0.115787157843112 0.11396387426177287
0 0.15332000476102695 0.1977223022177032 0.12631326310157673 0.1243242264673885
0 0.22923871968230286 0.2074797838375723 0.10402686836004146 0.1312358459533492
0 0.30593868460357887 0.21715515277363995 0.11181167537132772 0.1443927474237597
0 0.37501800040126554 0.22608914854772078 0.09424047361850629 0.13946126838013093
0 0.4296875 0.23671875 0.1 0.1109375
0 0.46953125 0.24296875 0.0203125 0.1390625
0 0.38203125 0.0171875 0.1015625 0.034375
0 0.44140625 0.025 0.0765625 0.05
0 0.57890625 0.06953125 0.1671875 0.1390625
0 0.23984375 0.7296875 0.4796875 0.540625
0 0.73984375 0.7296875 0.5203125 0.540625