0 0.1310945317810063 0.5709671194133671 0.1956220786730043 0.1475676213440309
0 0.084375 0.490625 0.16875 0.140625
0 0.06328125 0.3890625 0.1265625 0.196875
0 0.0546875 0.2609375 0.109375 0.20625
0 0.55546875 0.62734375 0.1546875 0.0640625
0 0.5315520490613512 0.5949199409298799 0.15302637426177287 0.12310814993424639
0 0.47922481211577705 0.4851944219929839 0.12366732499697815 0.12206084390401913
0 0.2125 0.63984375 0.14375 0.0390625
0 0.825 0.3296875 0.35 0.659375
0 0.325 0.8296875 0.65 0.340625
0 0.825 0.8296875 0.35 0.340625