0 0.63515625 0.5625 0.06015625 0.190625
0 0.75234375 0.5953125 0.05703125 0.14296875
0 0.6953125 0.4109375 0.046875 0.11875
0 0.80625 0.45859375 0.04375 0.11328125
0 0.74453125 0.3125 0.046875 0.08359375
0 0.7890625 0.253125 0.0234375 0.059375
0 0.81640625 0.19375 0.0265625 0.059375
0 0.8359375 0.3484375 0.03671875 0.065625
0 0.86953125 0.26171875 0.0265625 0.0890625
0 0.1875 0.57421875 0.08359375 0.0890625
0 0.30078125 0.51171875 0.0765625 0.08359375
0 0.15234375 0.44609375 0.0703125 0.07109375
0 0.2609375 0.38984375 0.1 0.05390625
0 0.12734375 0.3453125 0.0671875 0.065625
0 0.2328125 0.30625 0.0671875 0.05390625
0 0.11171875 0.2734375 0.03671875 0.04140625
0 0.20546875 0.246875 0.04375 0.04140625
0 0.10703125 0.2109375 0.04375 0.04140625
0 0.1953125 0.1875 0.03671875 0.05390625