0 0.09140625 0.08203125 0.059375 0.1140625
0 0.1671875 0.08203125 0.059375 0.109375
0 0.25078125 0.08203125 0.05546875 0.09921875
0 0.340625 0.08671875 0.0640625 0.09921875
0 0.40625 0.08203125 0.0359375 0.08984375
0 0.4625 0.08203125 0.04765625 0.09453125
0 0.5421875 0.07734375 0.059375 0.09921875
0 0.61328125 0.075 0.04375 0.08984375
0 0.68515625 0.0796875 0.059375 0.09921875
0 0.75859375 0.075 0.0515625 0.09453125
0 0.834375 0.07734375 0.071875 0.109375
0 0.89453125 0.075 0.03203125 0.09453125
0 0.08984375 0.29609375 0.0515625 0.109375
0 0.1515625 0.2984375 0.04765625 0.109375
0 0.21328125 0.29609375 0.04765625 0.1046875
0 0.28515625 0.29375 0.0640625 0.1046875
0 0.3625 0.2859375 0.05546875 0.09453125
0 0.43828125 0.28359375 0.0515625 0.09453125
0 0.51171875 0.28359375 0.059375 0.09921875
0 0.09140625 0.51015625 0.0515625 0.109375
0 0.1515625 0.5046875 0.04765625 0.08984375
0 0.203125 0.51015625 0.03984375 0.09453125
0 0.25859375 0.50234375 0.03984375 0.09453125
0 0.31484375 0.50234375 0.04375 0.08984375
0 0.3703125 0.5078125 0.04765625 0.1046875
0 0.44609375 0.50234375 0.07578125 0.09921875
0 0.51953125 0.49765625 0.0515625 0.1046875
0 0.5796875 0.4953125 0.04375 0.09453125
0 0.5796875 0.28359375 0.05546875 0.09453125
0 0.64921875 0.28359375 0.059375 0.1046875
0 0.7109375 0.28359375 0.04375 0.1046875
0 0.7671875 0.28125 0.04765625 0.09453125
0 0.8328125 0.28359375 0.04765625 0.1046875
0 0.90078125 0.27890625 0.0515625 0.09453125
0 0.6390625 0.49765625 0.0515625 0.09921875
0 0.70703125 0.49765625 0.0515625 0.109375
0 0.775 0.4921875 0.0515625 0.09921875
0 0.8546875 0.4921875 0.0640625 0.1046875
0 0.9125 0.4953125 0.02421875 0.09921875
0 0.09765625 0.72109375 0.03984375 0.1140625
0 0.153125 0.7140625 0.04375 0.109375
0 0.20703125 0.7140625 0.03984375 0.109375
0 0.25859375 0.7140625 0.028125 0.1046875
0 0.31484375 0.71171875 0.03984375 0.109375
0 0.38046875 0.70859375 0.059375 0.109375
0 0.45 0.70625 0.04375 0.109375
0 0.51015625 0.70390625 0.04765625 0.109375
0 0.57578125 0.69921875 0.04765625 0.109375
0 0.6453125 0.7015625 0.059375 0.1046875
0 0.71875 0.69375 0.0515625 0.1046875
0 0.10390625 0.925 0.05546875 0.11953125
0 0.17109375 0.93046875 0.04375 0.1296875
0 0.2453125 0.92265625 0.0515625 0.1140625
0 0.32265625 0.9203125 0.0515625 0.109375
0 0.38671875 0.92265625 0.04375 0.109375
0 0.4578125 0.92265625 0.05546875 0.11953125
0 0.5359375 0.92265625 0.05546875 0.1046875
0 0.6234375 0.9203125 0.0515625 0.11953125
0 0.69921875 0.915625 0.0515625 0.09921875
0 0.7671875 0.915625 0.04765625 0.1046875
0 0.8328125 0.91328125 0.0515625 0.11953125
0 0.90234375 0.91015625 0.04765625 0.109375
0 0.7828125 0.69921875 0.04765625 0.1046875
0 0.85625 0.69921875 0.05546875 0.1140625
0 0.9140625 0.7015625 0.03203125 0.1140625