0 0.559375 0.14453125 0.040625 0.1046875
0 0.5263023940240252 0.12720692812038398 0.10305241228577415 0.09921031570031094
0 0.4496744718740146 0.10643242556013525 0.11507519371911493 0.11078485253201382
0 0.36625390900733396 0.07982515195319913 0.10289737208101143 0.09764781570031093
0 0.284860966754942 0.05799638360793482 0.0825727741286407 0.11199874203690499
0 0.20546875 0.05 0.0921875 0.1
0 0.25859375 0.24453125 0.1109375 0.0484375
0 0.17890625 0.23359375 0.0859375 0.0703125
0 0.115625 0.22734375 0.075 0.0828125
0 0.13203125 0.0359375 0.1015625 0.071875
0 0.0578125 0.0296875 0.1125 0.059375
0 0.0515625 0.22421875 0.103125 0.0890625
0 0.01640625 0.21328125 0.0328125 0.1046875
0 0.78984375 0.134375 0.4203125 0.26875
0 0.28984375 0.65078125 0.5796875 0.6984375
0 0.828125 0.73984375 0.34375 0.5046875