0 0.55625 0.89140625 0.1 0.06640625
0 0.9046875 0.82890625 0.14921875 0.08203125
0 0.8375 0.74453125 0.1296875 0.053125
0 0.6265625 0.51953125 0.11640625 0.04140625
0 0.7015625 0.59375 0.10703125 0.02890625
0 0.78203125 0.68515625 0.11796875 0.03046875
0 0.5046875 0.76953125 0.10859375 0.028125
0 0.546875 0.821875 0.1171875 0.028125
0 0.88046875 0.54375 0.0953125 0.034375
0 0.9671875 0.62578125 0.0546875 0.05859375
0 0.7875 0.4625 0.07421875 0.03203125
0 0.76875 0.378125 0.0390625 0.025
0 0.85625 0.44140625 0.053125 0.0359375
0 0.909375 0.5 0.0640625 0.0359375
0 0.08203125 0.6453125 0.1125 0.0390625
0 0.08046875 0.465625 0.0953125 0.034375
0 0.090625 0.54609375 0.1015625 0.0640625
0 0.4515625 0.33828125 0.0796875 0.034375
0 0.365625 0.23828125 0.125 0.090625