0 0.58984375 0.7296875 0.059375 0.0421875
0 0.39765625 0.5 0.065625 0.040625
0 0.4796875 0.25390625 0.0328125 0.0328125
0 0.48046875 0.29921875 0.02890625 0.03125
0 0.7609375 0.27734375 0.03125 0.02890625
0 0.79453125 0.4515625 0.034375 0.02578125
0 0.72109375 0.46328125 0.028125 0.0328125
0 0.078125 0.771875 0.028125 0.1296875
0 0.0765625 0.6078125 0.02578125 0.06015625
0 0.16796875 0.33203125 0.02265625 0.02421875
0 0.23984375 0.44296875 0.0296875 0.040625
0 0.08984375 0.34921875 0.0296875 0.034375
0 0.11484375 0.196875 0.0328125 0.02578125
0 0.12109375 0.24296875 0.034375 0.01796875
0 0.153125 0.14453125 0.03125 0.02578125
0 0.20703125 0.13203125 0.03125 0.02734375
0 0.31640625 0.12734375 0.02734375 0.01796875
0 0.52578125 0.13046875 0.04375 0.02734375