0 0.1046875 0.48125 0.071875 0.0375
0 0.07621947549744998 0.2156387041174353 0.04309354532383551 0.045883317953504754
0 0.06508570904741848 0.26401612324487456 0.03965846491430973 0.04233765251722428
0 0.39186373901403593 0.38558982492687494 0.03247822368573239 0.03212132164466368
0 0.28671875 0.478125 0.0421875 0.04375
0 0.45390625 0.425 0.0109375 0.04375
0 0.45234375 0.303125 0.0140625 0.034375
0 0.44609375 0.18984375 0.0265625 0.0390625
0 0.39825444809036875 0.1616114977454731 0.037940924709546665 0.040564819799084176
0 0.2822237006499052 0.12620012752588883 0.033420562866680645 0.026081654362803786
0 0.057360593926111744 0.07059671703649133 0.047936085528598585 0.04807681610792529
0 0.8119365131426767 0.09839072593145418 0.15457861842866158 0.15955494463261707
0 0.5375 0.2640625 0.15625 0.18125
0 0.51953125 0.096875 0.1203125 0.19375
0 0.7296875 0.75 0.540625 0.5