0 0.13984375 0.2296875 0.2796875 0.459375
0 0.59921875 0.2296875 0.6390625 0.459375
0 0.13984375 0.7296875 0.2796875 0.540625
0 0.39375 0.478125 0.071875 0.0375
0 0.6238436925451326 0.6730310304882992 0.07818518415851479 0.05643314437666671
0 0.5738157875375747 0.9409809434823269 0.04142863680346807 0.04153418977951393
0 0.5663896953877301 0.8938695541396532 0.03812162628012441 0.03833645459715278
0 0.2890625 0.965625 0.01875 0.0375
0 0.29609375 0.76640625 0.0328125 0.0390625
0 0.9418032792215438 0.5059766959508688 0.04297572625188941 0.06809668977951393
0 0.8852677689805489 0.8050675061713548 0.02985409997176518 0.030342116641249993
0 0.7949528530967113 0.7036121493137506 0.04179265785015538 0.04778418977951393
0 0.9637413794756575 0.7740370181392022 0.039866136803468066 0.04149782218833344
0 0.959836587523457 0.9351018047083342 0.03941111049510866 0.03368532218833344
0 0.9468962427427767 0.8886443787965286 0.040518584186749605 0.02590918977951393
0 0.92578125 0.9890625 0.0390625 0.021875