0 0.16953125 0.2046875 0.3390625 0.409375
0 0.66953125 0.2046875 0.6609375 0.409375
0 0.16953125 0.7046875 0.3390625 0.590625
0 0.6000226664936117 0.73301639845708 0.08462786116879606 0.10068516674839838
0 0.6328829761072688 0.6459473967830875 0.07937443317629622 0.05832424497802293
0 0.784485849387084 0.7795215500169496 0.10287072177194431 0.04391149330403055
0 0.6870126929782409 0.5501953781239765 0.08441324769092588 0.08054608851877387
0 0.4276075901507871 0.4496199271601453 0.09478481969842587 0.03991938445215317
0 0.8675710429309728 0.7224809276505357 0.06259703628657398 0.06110410550389265
0 0.8539554766729168 0.5174499922430261 0.05300742280870363 0.03992449665201527
0 0.8749815846841669 0.5836794123394092 0.0837297425071295 0.07273358851877383
0 0.9513404501882874 0.7207347814804359 0.06796804147037036 0.06943687081501908
0 0.96640625 0.55078125 0.0671875 0.0578125
0 0.9638684274268521 0.6045886641359992 0.07054623732333312 0.06353371435577007