0 0.21953125 0.1546875 0.4390625 0.309375
0 0.71953125 0.1546875 0.5609375 0.309375
0 0.0734375 0.56640625 0.146875 0.3359375
0 0.26953125 0.58359375 0.3390625 0.3578125
0 0.3546875 0.71484375 0.16875 0.2015625
0 0.42734375 0.61484375 0.0234375 0.2484375
0 0.1328125 0.75546875 0.265625 0.1515625
0 0.065625 0.82109375 0.13125 0.1078125
0 0.14468262757429776 0.8308516842081968 0.14493553248413757 0.13821778308423588
0 0.2722446323836212 0.8237173167485832 0.15943454210278443 0.15219581139265942
0 0.71953125 0.6546875 0.5609375 0.690625