0 0.25 0.16953125 0.5 0.3390625
0 0.75 0.16953125 0.5 0.3390625
0 0.25 0.66953125 0.5 0.6609375
0 0.6054052859021535 0.6261431050801245 0.15558279830757166 0.11277092975338174
0 0.52734375 0.6578125 0.0546875 0.09375
0 0.5830445497865437 0.949237442788081 0.1388851576569019 0.09229427186568451
0 0.54140625 0.96484375 0.0828125 0.0703125
0 0.51328125 0.47578125 0.0265625 0.0765625
0 0.5439737608035229 0.40163857881009335 0.05927366151822966 0.050272929797966805
0 0.8878293075501738 0.5392265040699586 0.11010137249423443 0.08415345609029048
0 0.96796875 0.4859375 0.0640625 0.171875