0 0.284375 0.275 0.56875 0.55
0 0.784375 0.275 0.43125 0.55
0 0.26875 0.57578125 0.121875 0.0515625
0 0.84375 0.93203125 0.3125 0.1359375
0 0.96875 0.8203125 0.0625 0.15625
0 0.70546875 0.87578125 0.2734375 0.1515625
0 0.94296875 0.765625 0.1140625 0.153125
0 0.8520697544352197 0.7729062877814705 0.1742492051691153 0.15073808451458143
0 0.7430904480855063 0.8029163579549661 0.15231332367581524 0.1090116594684389
0 0.6604707226547467 0.8094283713732013 0.15698053465220366 0.13567428901808826
0 0.59609375 0.8375 0.0546875 0.15