0 0.36953125 0.26953125 0.7390625 0.5390625
0 0.86875 0.2328125 0.259375 0.465625
0 0.09921875 0.9859375 0.0671875 0.028125
0 0.203125 0.99375 0.09375 0.0125
0 0.11796875 0.9256475049743775 0.096875 0.04640324855010754
0 0.21328125 0.605925155594433 0.1140625 0.05551813942190087
0 0.1875 0.6524099919021229 0.078125 0.05123245850815117
0 0.1859375 0.6970596410722859 0.0765625 0.04642655933798814
0 0.18203125 0.7356368889976934 0.0828125 0.05158765601864026
0 0.5578125 0.8063806385734862 0.090625 0.06155465186945541
0 0.5890625 0.6282314051702258 0.0765625 0.04642655933798814
0 0.65859375 0.9229626420979711 0.078125 0.05435745850815117
0 0.340625 0.8665881232261465 0.1 0.0591400468904336
0 0.33671875 0.9395403711515542 0.09375 0.05085395020978147
0 0.25234375 0.8092151763403574 0.0890625 0.05674875269929238
0 0.69453125 0.58203125 0.0890625 0.0765625
0 0.36796875 0.7910786377482937 0.1 0.0638275468904336
0 0.5859375 0.5745619535105517 0.090625 0.06624215186945541
0 0.4 0.5706827047599516 0.1046875 0.056370244400922684
0 0.47109375 0.8762330425175341 0.06875 0.05677206348717299
0 0.86953125 0.76953125 0.2609375 0.4609375