0 0.16484375 0.2546875 0.3296875 0.509375
0 0.5815535653973026 0.29127932046787264 0.08011632675717592 0.05593075256024882
0 0.48831372805698636 0.03518967321164799 0.0429385051190728 0.04133763154179624
0 0.48819498170933623 0.08390018899666356 0.038095964914309735 0.03950211575678066
0 0.9267654659782089 0.38367600697487453 0.04104172880480519 0.06918961575678076
0 0.8216276425283878 0.09703430973276742 0.02935322368573239 0.029672089448421434
0 0.7481318859425924 0.22004760452756528 0.042151206142887254 0.04905912628012441
0 0.905931171402192 0.1105878464938832 0.039968545323835515 0.042718121018452494
0 0.86875 0.00546875 0.040625 0.0109375
0 0.16484375 0.7546875 0.3296875 0.490625
0 0.66484375 0.7546875 0.6703125 0.490625