0 0.28984375 0.16484375 0.5796875 0.3296875
0 0.78984375 0.16484375 0.4203125 0.3296875
0 0.458069906763878 0.8127005434415665 0.18836975146672277 0.10956285078724068
0 0.4666746381282195 0.7259817934415664 0.16664979167148566 0.1084394385174896
0 0.4734375 0.6109375 0.2125 0.15625
0 0.44921875 0.4828125 0.2609375 0.1625
0 0.0875 0.98671875 0.171875 0.0265625
0 0.071875 0.94296875 0.14375 0.0953125
0 0.06663452847098031 0.828690552406307 0.11055483187624855 0.10309530696670119
0 0.4390625 0.946875 0.14375 0.10625
0 0.78984375 0.6765625 0.4203125 0.646875