0 0.309375 0.21484375 0.61875 0.4296875
0 0.8203125 0.21484375 0.359375 0.4296875
0 0.309375 0.71484375 0.61875 0.5703125
0 0.9921875 0.7734375 0.015625 0.14375
0 0.96484375 0.8203125 0.0703125 0.16875
0 0.9145250149392583 0.8467181155506033 0.10613100574944419 0.16744036116879607
0 0.8587336361928231 0.8838756544290755 0.09023260367592556 0.16294835080120365
0 0.7851594351560637 0.8887381031567605 0.09761587672018504 0.1232802580585183
0 0.7215070382663414 0.89903034566389 0.09437329952888866 0.1571084539114814
0 0.66171875 0.896875 0.0859375 0.171875
0 0.63203125 0.9359375 0.0265625 0.128125