0 0.16484375 0.29453125 0.3296875 0.5890625
0 0.83515625 0.040625 0.0984375 0.08125
0 0.6915987101832133 0.24201652588483621 0.050472698672140125 0.08416216837349921
0 0.7423345083878152 0.2371616968891713 0.04727497579950324 0.07148015785015538
0 0.7499611769075302 0.3399149705666947 0.04722952400410509 0.06366765785015538
0 0.24296875 0.5953125 0.0859375 0.0125
0 0.09497928199913694 0.9110087205666947 0.11757838544042372 0.07401289462538863
0 0.24099017700572611 0.6367962177946843 0.10037270472226431 0.06988683674699843
0 0.04453125 0.6421875 0.0890625 0.059375
0 0.053125 0.746875 0.10625 0.078125
0 0.66484375 0.79453125 0.6703125 0.4109375