0 0.2546875 0.234375 0.509375 0.46875
0 0.8484375 0.15859375 0.303125 0.3171875
0 0.2511813137361818 0.8894413523236249 0.12652905925034225 0.11849817617626997
0 0.01796875 0.703125 0.0359375 0.15
0 0.05859375 0.646875 0.1171875 0.121875
0 0.3375 0.509375 0.13125 0.08125
0 0.2357331923325033 0.5470152430402953 0.11624477711788872 0.08631793494769227
0 0.12158577579774046 0.6092694681927503 0.12736413354437942 0.09365321638103268
0 0.3516239314454436 0.787021198809273 0.1161993130112661 0.08475543494769226
0 0.2892519635778973 0.8245503271021709 0.12571070533113407 0.09037317617626961
0 0.7546875 0.734375 0.490625 0.53125