0 0.1953125 0.2765625 0.390625 0.553125
0 0.453125 0.20703125 0.209375 0.4140625
0 0.8 0.2796875 0.4 0.559375
0 0.0822759009696394 0.9556932939765872 0.09437729139585782 0.04744855258464735
0 0.08669284537032204 0.7602027895945331 0.11617047077900686 0.04544696485439843
0 0.06627520535443603 0.7118196755496681 0.07875229139585782 0.04553004382053949
0 0.07170699918592582 0.6641772720440249 0.07867047077900677 0.0408425438205394
0 0.07334163717321696 0.6232644957294087 0.08500229139585783 0.04629744732618253
0 0.48685648660402414 0.7204639652333713 0.07867047077900687 0.0408425438205394
0 0.57421875 0.76328125 0.0515625 0.0671875
0 0.57890625 0.83671875 0.0421875 0.0515625
0 0.27734375 0.57109375 0.1015625 0.0234375
0 0.4768871972367612 0.7772756713682469 0.08993525324641087 0.06093549995541494
0 0.27982128246410876 0.7905113817960062 0.10687729139585792 0.048983359595933605
0 0.2839241757264057 0.89100485548139 0.10092730032431163 0.06540345609029038
0 0.8 0.76015625 0.4 0.4015625