0 0.3 0.21484375 0.6 0.4296875
0 0.62421875 0.14140625 0.0484375 0.1078125
0 0.6620246945770883 0.1271353857573642 0.07496655925034235 0.1087599303072194
0 0.7136015664429853 0.0980183154316114 0.07496655925034226 0.1087599303072194
0 0.7680761177757688 0.07660461770119689 0.078000631037097 0.10574405771188111
0 0.82421875 0.06015625 0.0859375 0.1203125
0 0.89609375 0.04453125 0.1140625 0.0890625
0 0.96015625 0.0265625 0.0796875 0.053125
0 0.63359375 0.36796875 0.0671875 0.1234375
0 0.6791881478631584 0.34194193022240144 0.08479620031656916 0.12471231252120454
0 0.7320774671426306 0.3213640461943177 0.08006323620994645 0.12298612141421188
0 0.7826230364221027 0.30086800771973027 0.06733591567683303 0.11473711179556503
0 0.8355805518615089 0.2779463736916467 0.08006323620994645 0.12298612141421188
0 0.8996119596207832 0.24995529374724698 0.10060305674305976 0.13150794954451311
0 0.9625 0.2203125 0.075 0.125
0 0.98984375 0.19453125 0.0203125 0.1265625
0 0.96640625 0.409375 0.0671875 0.040625
0 0.3 0.71484375 0.6 0.5703125
0 0.8 0.71484375 0.4 0.5703125