0 0.29765625 0.26484375 0.4828125 0.5296875
0 0.08984375 0.23125 0.1796875 0.4625
0 0.76953125 0.26484375 0.4609375 0.5296875
0 0.09140625 0.9375 0.1828125 0.125
0 0.54921875 0.590625 0.0203125 0.121875
0 0.593288032594672 0.6029892416810919 0.08773934389007838 0.12350174459225531
0 0.6691458389420205 0.6200605752918232 0.09734166442319178 0.13218943843583925
0 0.56015625 0.8390625 0.0421875 0.1375
0 0.6024200255350431 0.8514576524548201 0.09113712852981451 0.13316847587345002
0 0.6660278844688163 0.8611021611903299 0.07827341567683313 0.11950155074867155
0 0.7396258235026143 0.634517438644645 0.0924723079967011 0.12550184151404728
0 0.8116228439565853 0.6503909363568696 0.09904055674305993 0.1370228040764366
0 0.8758982926238019 0.6638687622720807 0.08327916442319179 0.13087664767046342
0 0.9340601336108865 0.6732425507496812 0.08300637978345549 0.12150164767046343
0 0.97890625 0.68984375 0.0421875 0.1328125
0 0.7263061549227874 0.8780696512070344 0.08943823620994636 0.12833511023285277
0 0.7967861394833812 0.8925265145598562 0.09288148495630519 0.13956434151404729
0 0.8689650163638429 0.9021500122720807 0.08943823620994654 0.12833511023285277
0 0.94921875 0.91953125 0.1015625 0.1390625
0 0.98984375 0.934375 0.0203125 0.115625