0 0.234375 0.225 0.46875 0.45
0 0.51328125 0.2109375 0.0890625 0.140625
0 0.5774956817001179 0.18197426333166195 0.09478630093507637 0.1813988221398514
0 0.6394689617543472 0.14037952957373073 0.09332379488495217 0.19853175843752044
0 0.7245843051384889 0.15038450135076237 0.08686471662612102 0.1623760036281972
0 0.7941564617543472 0.14578133610448543 0.08544766237139498 0.18732143992586608
0 0.8644871424725065 0.14511170270937396 0.09629425878059869 0.17207838584218216
0 0.95625 0.10390625 0.0875 0.1453125
0 0.234375 0.725 0.46875 0.55
0 0.66015625 0.59921875 0.3078125 0.2984375
0 0.9109375 0.5375 0.178125 0.175
0 0.62109375 0.48359375 0.3046875 0.0671875