0 0.225 0.27265625 0.45 0.2546875
0 0.725 0.2 0.55 0.4
0 0.3953125 0.59296875 0.109375 0.2359375
0 0.3432209869653008 0.5802292056890249 0.14188087707956426 0.24056761397798762
0 0.2792405659091493 0.5652361443179772 0.13132707883238587 0.242349657843112
0 0.21194329397658712 0.551421881194108 0.14966568409085051 0.2538350174836307
0 0.14561912292043572 0.5361410435084439 0.13968743847290455 0.26030456134875524
0 0.08125 0.5296875 0.146875 0.259375
0 0.0453125 0.5140625 0.090625 0.228125
0 0.33828125 0.89453125 0.1515625 0.2109375
0 0.28203125 0.884375 0.1421875 0.23125
0 0.2172271932562241 0.8700749557336099 0.12960042094468882 0.228287157843112
0 0.15246552220007265 0.8549859689243569 0.13173847357392104 0.2331665087195228
0 0.08612750464956428 0.8333592058004875 0.1241455174390456 0.22146160521387975
0 0.04609375 0.815625 0.0921875 0.234375
0 0.725 0.7 0.55 0.6